PDEW2017  1  2 13 14  2.80 89.99999  0.000000 0.50  0.0 6.3 SOUTH OF FIJI ISLANDS                    
event name:     201701021314A   
time shift:      0.0000 
half duration:   0.0000 
latitude:      89.99999 
longitude:     0.000000 
depth:         0.50 
Mrr:       0
Mtt:       0
Mpp:       0
Mrt:       0
Mrp:       0
Mtp:       1e+25
